{"nbformat_minor": 1, "cells": [{"source": "import ibmos2spark\n\n# @hidden_cell\ncredentials = {\n    'endpoint': 'https://s3-api.us-geo.objectstorage.service.networklayer.com',\n    'api_key': 'iTfSE_YVE6zqnxjd1oK0E37R2aVYY4dFhXFFCljE1AcJ',\n    'service_id': 'iam-ServiceId-d4b06e46-293a-4417-b76c-2f16076a9353',\n    'iam_service_endpoint': 'https://iam.ng.bluemix.net/oidc/token'}\n\nconfiguration_name = 'os_b0f1407510994fd1b793b85137baafb8_configs'\ncos = ibmos2spark.CloudObjectStorage(sc, credentials, configuration_name, 'bluemix_cos')\n\nfrom pyspark.sql import SparkSession\nspark = SparkSession.builder.getOrCreate()\n# Since JSON data can be semi-structured and contain additional metadata, it is possible that you might face issues with the DataFrame layout.\n# Please read the documentation of 'SparkSession.read()' to learn more about the possibilities to adjust the data loading.\n# PySpark documentation: http://spark.apache.org/docs/2.0.2/api/python/pyspark.sql.html#pyspark.sql.DataFrameReader.json\n\n\ndf = spark.read.parquet(cos.url('hmp.parquet', 'courseraml-donotdelete-pr-qve0ttzezdeodc'))", "cell_type": "code", "metadata": {}, "outputs": [], "execution_count": 1}, {"source": "from pyspark.ml.feature import VectorAssembler\n\nvectorAssembler = VectorAssembler(inputCols=[\"x\",\"y\",\"z\"],\n                                  outputCol=\"features\")", "cell_type": "code", "metadata": {}, "outputs": [], "execution_count": 2}, {"source": "from pyspark.ml.clustering import GaussianMixture", "cell_type": "code", "metadata": {}, "outputs": [], "execution_count": 4}, {"source": "gmm = GaussianMixture().setK(7).setSeed(538009335)", "cell_type": "code", "metadata": {}, "outputs": [], "execution_count": 5}, {"source": "from pyspark.ml import Pipeline\npipeline = Pipeline(stages=[vectorAssembler, gmm])", "cell_type": "code", "metadata": {}, "outputs": [], "execution_count": 6}, {"source": "model = pipeline.fit(df)", "cell_type": "code", "metadata": {}, "outputs": [], "execution_count": 7}, {"source": "model.stages[1].gaussiansDF.show(truncate=False)", "cell_type": "code", "metadata": {}, "outputs": [{"output_type": "stream", "name": "stdout", "text": "+----------------------------------------------------------+-----------------------------------------------------------------------------------------------------------------------------------------------------------------------------------------------------+\n|mean                                                      |cov                                                                                                                                                                                                  |\n+----------------------------------------------------------+-----------------------------------------------------------------------------------------------------------------------------------------------------------------------------------------------------+\n|[27.084945199820922,28.228590117170736,49.715704095485954]|37.501555112400496   -18.666543865153265  2.0816745935291414  \n-18.666543865153265  44.62732894901293    11.027542948752657  \n2.0816745935291414   11.027542948752657   8.593274758985876            |\n|[16.398660837468736,41.366038799675415,37.15768029922695] |56.74018127622099   21.131395690852703  14.600429643170562  \n21.131395690852703  43.8289747121033    5.524721096969893   \n14.600429643170562  5.524721096969893   33.569633573404815                 |\n|[32.6926859540442,44.32419311736936,48.02367201257901]    |24.570512157272876    -0.5685250690538473  -0.08151276683225563  \n-0.5685250690538473   14.932214637271787   -8.547241160363813    \n-0.08151276683225563  -8.547241160363813   7.672506825493808     |\n|[37.48501982919006,38.911057494917394,38.46339881946252]  |108.83376295619333   -25.734918953426877  12.035227591373511  \n-25.734918953426877  236.3059729991175    -59.08498279316592  \n12.035227591373511   -59.08498279316592   108.15247803480777           |\n|[42.721245165011176,32.47162169989081,49.398585989935576] |14.799341796443409   -2.1765837291501207  -8.737751430673812  \n-2.1765837291501207  18.986732090335558   0.8101181732476425  \n-8.737751430673812   0.8101181732476425   6.569023644920174            |\n|[32.38469493821846,37.2156378298931,52.08972289388928]    |5.9055495517731575   1.2642962493626289   -0.2734868021732719  \n1.2642962493626289   7.933135293721825    -1.4259953395432046  \n-0.2734868021732719  -1.4259953395432046  0.7091628546564646         |\n|[12.856192377368503,36.99385364086351,34.52147364975312]  |2.8494437948884466   0.41242246566958    0.09324814030753192  \n0.41242246566958     5.566534393696339   0.3183604055135765   \n0.09324814030753192  0.3183604055135765  4.837097409070237             |\n+----------------------------------------------------------+-----------------------------------------------------------------------------------------------------------------------------------------------------------------------------------------------------+\n\n"}], "execution_count": 9}], "metadata": {"kernelspec": {"display_name": "Python 3.5 with Spark 2.1", "name": "python3-spark21", "language": "python"}, "language_info": {"mimetype": "text/x-python", "nbconvert_exporter": "python", "version": "3.5.4", "name": "python", "pygments_lexer": "ipython3", "file_extension": ".py", "codemirror_mode": {"version": 3, "name": "ipython"}}}, "nbformat": 4}